39
231.06
533.08
240.49
526.00
249.77
522.90
251.80
511.07
251.97
503.07
252.14
495.07
252.32
487.08
252.49
479.08
246.62
472.95
234.93
458.69
247.14
448.96
249.40
437.00
249.62
427.00
249.87
415.00
260.04
407.22
264.21
399.31
264.43
389.32
264.65
379.32
264.86
369.32
253.08
359.06
243.09
358.85
233.09
358.63
233.30
348.63
247.56
336.94
255.73
329.11
255.95
319.12
256.20
307.12
250.42
297.00
262.23
288.71
265.95
276.62
265.71
266.62
265.48
256.63
255.30
248.86
267.11
240.58
266.83
228.59
266.54
216.59
260.31
206.73
250.18
200.97
234.04
195.35